accuracy: 0.7748152907163508
precision: 0.7747800986257642
recall: 0.7748152907163508
roc_auc_score: 0.858228281596489
