accuracy: 0.7749397590361445
precision: 0.7749279374814112
recall: 0.7749397590361445
roc_auc_score: 0.8618138302816247
